300
169 201 231 266 23 54 146 247 126 220 81 29 45 191 275 209 5 274 269 179 132 72 168 183 289 80 142 7 41 222 31 286 227 259 113 180 186 196 37 141 30 128 17 178 175 285 59 237 199 254 206 182 101 291 137 216 261 300 100 134 66 76 156 44 136 240 82 119 140 25 18 83 39 162 251 161 61 91 65 213 50 58 33 158 73 11 252 215 56 48 295 253 27 94 78 250 299 38 108 1 277 230 122 70 153 167 63 107 244 160 248 272 225 198 256 69 189 129 62 270 157 42 197 211 165 93 260 177 12 268 279 150 13 242 294 20 195 143 258 40 84 176 16 116 235 284 262 267 89 9 223 131 103 257 149 90 290 123 28 202 127 276 19 218 43 115 144 67 99 152 14 264 15 36 188 117 24 190 283 46 280 60 221 79 263 239 51 4 120 110 229 154 35 95 92 138 71 232 34 86 245 121 52 205 187 10 219 255 159 192 21 3 207 148 200 68 170 85 184 265 125 151 210 273 238 228 174 6 155 53 96 281 203 278 181 249 147 145 236 287 112 105 241 173 77 87 139 111 135 109 246 133 293 124 102 224 282 64 114 104 226 163 2 212 57 164 288 97 49 88 171 166 298 193 296 32 194 204 55 74 217 118 98 185 22 75 106 208 234 297 8 26 292 214 271 130 243 172 233 47
000001000000000000000000000000000000000000000000000001000100010000000000000000000000000000000001000100000100100001000000010000000000100000000010000000000000000001010010000000000010000000000000000010001000100010000000000000010000000001000000100000000000000100000000000001000000000100000100001000000000
000001000000000000000001000000000001000000000000000001000000000000100000000001000001000010000000000000100000000000000000000000100000000000000010000000000000000000010000001000000000000000000001000000000100000010000000000000000000000000000000000000000000000000000000000000000000100000000000000000000010
000000000000000100000000010000000000000100000000000000000000000010000000010000000000000001000000000000000001000010000000000000000000000000000000000000000000001000000000010000000000000000000000010010000100100000000000000000000000000001010000000000000100000000000000010000000000000000000000000000000000
010000000000000000100000000000001000001000000000000100000000101000000100001000000000000001000000000001000000000000000100000100000000000000000000000000000000000000000000000000000000000000000000000000000000100000000000000001000000000001000000100000000000000100001000001000000000001000010000100000100001
000100000000000000001010010000001000001000001000000000010000000001000000000000010000000000100000000000010000010010000010000010000000000000001000000000000000000000000000000000000000000000100001000000000000000000100000100000010010000000010010000000000000000000100000000001000000001000000001000000000100
000000000000000000000000100000100000000001000000000000000000000000010001000000000000100010010001000100000000001000000010000100000000000000000000000000000000001000000010000000010000000000000000010000000001000000000000000000000000000000000000000000000000000000000000100000000000000000000000000000000000
000000000100000001001000100001000000100000000100000100000000000000000000001000000000000010000000000000000010000000000001000000100010001000000001000100000000000001000100000000000000000000000000000000000000001000000100001000000000001000000000000010000100000000000000010000000000000000000010000000000010
010001000000000000000000000001000000000000100000000000010001001000000000000000000001000000000000000100000000000000000000000100000100000000000000000010000000000100010000000000000000000000000000000000000000010000000000000000000000100000010000000000000010000010000000100000000001000000100000100100000000
000000000000000100000000000000000000010001000000100000000000000000100000000100000000000000000000000000000010000000000000001000000000000000000000100000000001000000001000000001000000000000000000000000000010000000001000000000000100000000000100001000000000000010000000101000000010000000000000000000000000
000100000000000010000000000000000000000100000000000000000000000000000000000000000000010010001000001000000000000000000000000000000001000000010001000000000000000000000000000000000000000000010010000100000000000000000000000100001000000000000000000001000000000000010000000100000000000000000000000000000000
000001000000000000000000000000100010000000000000001000000000100000100000000000000000000000000000010000000010000100000000000000000000000000000000000000000001000000000000000000000000000000000000010000000000000001000000000001000000000000100000000000000000100000100000100000000000010000000000000000100000
000000000010000000100000000010000000000000100000000000000000000010000000000100000000000010000000000000000100100000010000000000010010000000000000000000000000000000001000010000000000000001000000000000000000000000000000000001000000000000000010000001000000000000000000000000000000100100000000000000000010
000000000000000000000001000000000000000000000100000000100001000000000000010000010010000000000000000000000000000000000000000000000000100000000000000000001000000001000000000000000000000000000000000000000001000000000000000000001000010000100000000000000000000000000100010000000000000000100000000000000000
000000000000000000100000000000000010000000000000001000010000000000010000000010000000100000000100000000000000100000000000000000000000010000000000010000000001000100000000000000010000000000000001000000000000000000000000000000000001000000000000000000000010001001000000000000000000000000000000000000000000
100000100000000001000000000000000000000000000000000000000000100001000000100000000000000000000000000000010000010000000000000000000000000100000000010001000000000000000000000000010000000000000000000000001000000000000000100000000010000010000000000100000000100000000010000000000000100000000000010000000000
000000010000000000001000100000000000000000001000000000000000000000000000000000010000010000000000000000100000000001000000000000000000000000100000000010000000000001000000010000001000000000001000100010000000010000100000000000100000100100001000000000100000010000010001000000000000001000000000000000100000
000000000000000000000000010000000100000000000000000000001000000000000000000000000000000000100000000000100000000100000000000000100000000000010000000000000000000000000001000000000000000001000000000010000000000000100000000010000000000000001001000000000100000000000000000000000000100000000001000010000001
000000000010000000000000000100000000001000100000000001000000100000000000000000000000100000000000000000000000000000000000000000000000000000000000000000000000001000000001001000010000000000000010000010001000001000010000010000000000000100000000000000001000000000000001000100000000000000000001000000100000
000100000000000000000000000000000100100000000000000000010000000000000010000000000000000100010000000000000010000010000000000000000000000000000000000000000000001000010000000000000001000000000000000000000000010000100000010000010000000000000000000000000000100000000001000000000000000100000000000000000010
000000010000000000001000000000000000000000000000000000000000010000000000000000000000000000000000000000000000000000000000000000000000000000010000000000100000010001000000000100000000000000000000010000000000000001000000001000001000010000000000000000000010000000000000000010000000000000000000001000000000
100000000000000000000010000010000000010000000000000000000000000000000000000000001000000000100000000000000000000001000001000000000000000000000010000010000000100000000000010000100000000000000000000000000000000000000000010000010000001000000000000100000010000000100000000000000000000010000000000000000000
000000000000000000000000000000000000000100000000000000000000000000000000000000000000000000001001000000000000000000001000000000010000000000010000010010000100000010000000000000010000000000010000010000000000000000000000000000000000000000000000100000000000000100001000000000000000100000000000010000001000
000000000000000000000000000000000000000100000010000000010000000010000010000000000010001000000000000000001000100000000000000000000100000100001000100000000000000001000000000000000000010010000010000000000010010000000000001000000000000000000000000000100000000000000001000001000000000001000000001000000000
000000010000000000100000000000000000000000000100000000000000000000000100000000000000000100000000100001000010000000010000010010000000000000100000010000000000000000000000100000000100000000000000000010000000000000000010000100000000000000000001000000000000100100000000000100001000000000000000000000000000
000000000000100000010000001000010000100000000000000000001000000000000000000010001000000000000000000000000000010001000000000000000001000000000000000010000000000000000000000000000000001000000001000000000000000000000001000000100000000001000000000000000000000100000100000000100000000000010000000000000001
000010000100000000000000000000000000100100000000000100100001001000010000000001000000010001000010001000000010000000000000000000000001000000000000100000000010000000000000010000000001000000000000000000000000000000001000000001000000000000000000000001000000010000000010000000000000001000000000000000000001
000001000000000000000010010001000000000000100000000000000000000000000100000000000000100000100010000000000000000010000000000000000000000000000000000000010000000001000000000000001000000000000000001000000000000000000000000000000000000000000010010001000000010000001000000000000001000000000000000000000001
000000000000001000000000000000000000000000001000000000000000100000000000000100000000000100000000000000000000000000000001000100000000010000000000000100000100000100000000010000001000000000000010000010010000000100000000000000000000000000000100000000000000001000000000000001000001000001000000000000001000
000000000000000001000100000000000000000010000000010000010001000000000000000000000000000000000000010000100000000000000000000001000100000000000000000000000000000000000000000000000000000000000000010000000000000000000000000000000000000000010010000010000000000010000000000000000000000000000000000001000000
000000000001000000000000000100000000000100000000000000100000000001000000000000000001000000010000000000000000000000000100000100000000000001000000000000000000000000001000000000000000000001000000000000000000000010010000000000001000000000000000100000000000000000000000000000000000000000000000100001000001
000000001000000000000000000000000010000001000000000000000100000000000000001000000000000010000000000010000000100010001000000100001001000100000000000000000000000000000000010000000010010000000001000000100000100000001000000000000000000001000000000000010000000010000000001000000000000010000100001000000000
000000000000000000100000000100000000000000100100000000000000000000000000100000000001000000000000100000100000000000000010000100000010000100000000000100000000000000000001000000000100000000000000000000000000000000000000000100000000001000001000010000000000010000010000100000000000010000000000000000000010
100000000000000000000000010000000000000000000000000000100000000000100000000100000001000000000000000000000000000000000000000000000001000010000000001000000000001000000000001000000000001000010000000000100000010000000000010000000000000000000000000000000000000000000001000100010001000000000000000000100000
000000010000000000000000000001000000100100000000000000000000000100000000000000000000000100000000010000000000000000000010000000001000000100100000000000000000100000100000000000000000000000010000000000000000000010000000000000100100000000000010000000000000100000000000000010000000010000000000000000000100
000000000000000100000000000100000000000000000001000000001000000010000000000000100000000100000100000000000000000010000000100010000000001000000100000000100000000100000000000000000000100000000001000010000000000000000000000000000000100000000000000000000000010000100010000100000000000000100010000000000000
000000000000000000001001000000000000000000000000000010000100000000000000100000000001000000000001000000000000000000000000000000000000000000000100100000100001000000000000000000010000000000000000000010000000000100010000000000000100000000000100100001000000100000000100000000000000000100000000000000000000
000100000000100000000000000001001000010000000000000000101000100000000000000100000010000000000010000010000000000010001000100000000000000000100010000000000000000000000000000000000000100000000000000100000010000000100000100000000000000001000000000000000010000000000000100000001000000000000000100000000000
100001000000000000000100000000000000000000000000001000000000000000000000000100000000001000000010000000010000000010100000000000000010000000000000000000000000001001001000000000000010000000000000000000000000000000010000001000100000010000000010000000000000000000000000000001000000000000000000000000001000
000000100000000000000010000000000000000000000001000001000000000000001001000000000000000000000010000001000000000000010000000001000000000000000000000100010000010001000000000000000000000000000000000000000000000100000000000000000000001010000001000010000000000010000000000001000100000000100000000001000000
000000000000000000100000000000000100000000000000000100000000000000000001000000100010000000000001001000000000000000000000000000100010000000000000000000000000000000000001001000000000000000001000010000000000000000000000100010000000000000000000000000000010000000000000000000100000000000100000100000000000
000010000000000000000000000000001000000000000000000000000100000000010000000010000100000000000000000000000000000000010000000000000000000000000000010000010000000000000000000000000100000000000000000010000000000000000000000000000000000000000000001000000000000000000100000000000000000001000000100000000000
000000100000001000010000000000000000010000001000000100000010000000000000100000000000000000100000000000000000000000000100000010000000000000001000001000000000000000000000000000000000000000000000000001000010000000000000100001000001001000000001000000010000000000101000000100000001000000000000000100000100
100000001000000000000000000010000000000001000100000000000000100000010010000010000000000000000000000000000000000100000000010000000000000010000001001000001000000000100000000000000000000000000001001000000010000000000000000000000000000010000000000000000000000000000000000000000010000000000000000000000000
000000000000000010000000000100010000100000000000000000000000000000000000001000000000000000000000000000001000000000000000000000010000000100000000000100001000000000000001000001000000000001000000000000000000100000000000100000000000010000000000000000000010001000010000000000001000000000000000000000100000
000000000000000000000000000000000000000000001000001000000010010000000000100000000000000000000000000100100000000100000000000000000100000001000001000000010000010010000000000000000000000001000000100001000010000000000000100100100000000000000100000100000000000000000000010000001000000001000000000000000000
000000000000000100000000100000000000000000000000000000000000100000100000000000000000000000000001000000000000010000000000000000000000000000000000000000000001000000001000000000000000000000000010000000000001000000000000000100000000000000000000000100000000000000000000001000000000000000000000000100001000
100010000001000000000001000000000000000000000010000100000000000000000000000010000001000001000001000000000000100100000000000001000000000010000010000000000000000000000001001000000000000001000000010000000000000100000000100000000000001000000000100000000000000100000000000000000010000000000000000000000000
000000001000000000000000000000000000000000000000000000000001000000000000000000000000000000000000000000000000000000000000000010000010000000100000000000000010000000000000000010000000000000000000000100000000100000000000000000001000000000000000100001000000000000100000000010000000000000000000000000000001
100000000000000010000000000000000010000000000000000000000100000100000000100000000000000000000000000000000000000010000000000000000000000000000010000100001001000000000000000001001001000100000000000000000000000000000000100000000000000000000000000000001000001000000000001000100100000000000000000000000000
000000000000000010000000001001000000000000000010000000000000000000000000010000000000000000100010000000000000000000000000000000000001010000000000000000000100000000000000000010000000000000000000010001000000010000000000000000000010000000000000000001000000000000000000000001000000000000000000000000000100
000000000000000000000000000000000000000000000000000000000000000000000000000000000000000000000000000000000000000010000000010000010000000010000001000000000000010000000000000000000010010010000100001001000100000000000000000000001000001001000000010000010000001000100010000000100010000000000001000000000000
000000000100100000010000000000000100000000000000010001000100000000010000000000000000000000000000000000000000000001000000000000100000000001000000010000000001000100100000000000000000000010000000000001000000000000000000000000000000100000000010000000000000000000001000000001000000000000010010000000000100
000001000001000000010000000010000000100000000000000000000000000000001000000000000000001000000000100000000000000000000000100000000000010000000000000000010000000100001000000000000000000000000000000100000000100000001000100100010001000000000000000000000000000010000000000001000000100000000000000000000100
000000000000000000100000000000000000000000000001000000000000000000010000000100010000000000000010000000000000000000000000001000001000100000000000010000010000000000000000000000000100000000100000000000000000000001000000000000001000010000000000000000000010000000000000000000010000000000000000000000000000
000000000000000010100000000000000000010010000000000001000000000000001000000000000000000100000000010000000000000000010000000100000000001000000100000000000001000000000000000000010000001000000000000001000000000000000000000000000000000100010000000000000000000010000000000100000000000000000000000000000100
000010000000000100100000000000010000010010000000001000000001000000000010000010000000000000000000000000010000000000000000100100000000000000000000010000000000000100000000100000100010000000000000000000000000010010000000000100000000100000000000000000000000000000000000000000000010001000000000010000000001
000010000000000000000000001000000000000000000100000100000000000100100010000000000000000000000000000000001000000000100000000000000000000000000000000000001000100001000000000100000000000100000010000000000000000010001000001000000000100000001000000100000000000000000000000000010000000010000000000001000000
000000000010000000000000000000000000001000000000000100000000000000000000000100000001000000000000000100000000000000000000000100000010000000000000000001000000000000000001000000000000000000000100010001000100000000001000000100010000000001000000100010001000000100000100000000000000000000001000000000000000
010000010000000000000000000000000000000000010010000000000000000000000001000000000000100001000000000000000000000000000000000000000010000000000100100001000000000000000000000000000000100000000000000000000000010001000000000000000000000010000000010000001000000010000000000100000000010000000000010000000010
010000000000000000000000000000001000000000000100100000100000000000010000000000000000000000000010000000100000000100000000010000000000000000010000000000000000000000000000000000000010000001001000010000000000000010000010000010000000000010000000000000000000000000000000100000000000000000000000000000000000
001001000001000001000000000000000001000010000000000000000000000000000000000000000001000000100000000000000100000000000000100000000000001000000000000010000100000000100000000000000000000001000000000000000001000000000000000000000010000000000000000000000000000000100000000000000000000000000000000000010000
000000001010000000010000000000100010000000000000000001000000000100000001001000001000000000000000001000000000000000000000000000100001000000000000000010001000000000000010000000000001000000100000000000000000001000000000000000000000001001000000000000000000000000000000000000000010000001000000010000000000
000000000000000000000000000000000010001000000000000000000000000010000010000100000000000000010000000000010000100100000000000000000000001000000000000000000000000000000000000000010000010001000010000000000000010000100000001000100000000000000000001000001000100000101000000000000000000000000000000100000010
000000000000000000000000000000000001000001000000010000001000001000000000000000000100000000000000000000000000000010000000000001000000000100010000000000000000000001000010000000000000001000010000000010010000000000000000000000010010001000000000000100100000001000100000000000000100000100000000000000000000
000000000000000000000000000000000000000000000000000000000001000010001000000000000000100000000100000000000000000000000000000100000000100000000100000001000000000000000001000000100000000000001001000000010000010000000000010001000000000100010000000000001000000000000000000000000010000000000000000000000001
000001000010000000000010000000000000000000000000000000100000000001000001000000000000000100000100000000100100000001000000000000000000001000000010000000001001000100000001000000000000000000000000000001000001000001000000000010010001000001000000000100000000000000000001000000010000000000000001000000100000
000000000001000000000000000001000000010000000000000000000000000000000000000000010000010000000000001000000000010010000100000001000000000000000000000000000000000000000000010000000000010000000000010010000000000000010000001001000000000000000000000010000000000000000100000000000000001000000000000000000000
000000010000100100000000000000000000000000000000000000100000000000000000000000000000000010000000001000000100000000001000000000000100000010000000000001000000000100000000010001000000001000000001000000000000010000000000001000000000000010010000000000000000100000010000010000100000000000010000000000001000
000000000000000001000000000000000000000000000010000000000000000000000000000000010000000000100100000000000000100000000000000001000010000100000000000000000000010000100000000000000000001000000100000100000000000000000000000100000010000000000000000100000000000000000000000010000000000010001000000000000000
000000000000001000010000001000000000000000100000000000000000000000010000100000000000000100001000000000100001000000000010000000000000000000100000001000000000100000000000000000010000010000000000000000000000000000000000000001000000000000001001000010000000000000100000000100000000001000000000000000000000
000000000000000000010010000000000001000000000000000000000000000000000000000000000000100100000000000000000000000000001000000000000000010000001000000000000000100000001000000000000000000000000010000000001000000000000000000010000000010000000010000000000000000000010000000000000000100010000000000000000000
000000000100000000100000100000000000000100000000000000100100100010010000000000000000000000000000010000000000000000001000001000000000000000100010000000001000000000000000000000100000000000100000000010000100000000000000000000000000000000001000000000000010000000000000000000100000000001000000000000000001
010001000000000000000000000000000100000010000000000100100001000000000000000000000000000000000000100000000000000000000100000000000000001000000000001000000000000000010000010000001000000010000000000000000000000100000000000000000001000000000000000000010000000010000000000000100000000100001000000000001000
000000000000000000100000000000010000000001000000000000000000000100000000000000001000000001000000100000000001000000000000000000000000000001000000000000000000000000100000000100000000001000000000000000010000000000000000000001001000000000000001000000001000000001000000000100000000010000000000010001000000
000000000000000000000000000100000100000000000000000010000001000100000000000000000100000000000000000000000000000000100000010000000000000010001000000000000000000010000000000000000000000000000000000010001000000000000000000000000000001000000000000000001000000001000000000000000000000000000000000000000000
000010000000010000000000010000000001000000000000000100010000000000000010000000000000000000000000000010000000010000000000000000000000000000000000000010000000000000001000001001000001000000000000000000000000000010010000000010000000000100000000000000000000000000000000000000100000000000000100000000000100
000000000000000100000000000000000000000000000100100000000000000000000000000001000000000001000000001000000000000001000000001000001000000000010000000000000000001000000010000100000000000000000000000000000000010010000000000000001000000000000000001000000100000001000000010000000000000000000000000000001000
010000000000000000000000001000000000000000000000000001000000000010000010010001000010000000000001000000000001000000000001000000000001000000000000000000000000000000010000001000100000000000000000000000010000000000000100000000000000000000000000000010000010001000100000010000000000000100000000100000000000
000000010000000100000000000000001000000000000000000000010000100010000000010000000000000000100000000000000000100001000010000000100100000010000100000000001000000000000000000000000000000100000000000000000000000000010000000100000000000000000000000100000000000000000000000100001000000000000001000000000000
001000000000000000000000000100000000010000000010000000000000000000000000001000010000000000000100001000001000001000000000000010000000000000000000010000000000000000000000000000000000001000000000000000000000001000100001001000000000000100000000000001000010000000100000000000000000100001001000100100000000
000001001000001000010000000010001000000000000001000000000000000000000000100001000000000010000000000000000000000000000000000000000001000000000000000000000000000000100100000000100000000000000000000010000000000100010000000000000000000000010000000001000000100000000000000000000100000000000000000100000000
000000100000010010000000000100000000000000000000000000100001000010000000000000001000000000100000000000000000000000000000100001000000000000000000000000010000000000000010000000001000000000010000000000000000000000000000000000000000000000100000000000000000100100000000000000000000000001000000000000000000
100000010001000000000000000000000000000000000000000001000000010000000000000000000000000100000000000000000001000001000000000000000000000000000010010000010000000000000001000000000000001000000000000000000000010010000000000000000100010001000001000000000100000000000000000000000000001000000000000100000000
000010000000000000100001000000000000000000000000000000000000000000000000000000000000000000001000010000000010001000000000000000000000001000000000000000100001000001000100000000000000000000000000001000010000000000000000000000000001000000000000000000000000000000000000000000000000000010000000000000000000
000000001000000100000000000000000010000001000100000000000000000000000000000100001000000000000000000000000001000010001000000000000000000000000000000000010000010000000000010000001000000000000100000000000000000010000001000000000000000000000000010000000100000000001000010000000000000000000000000000100000
000000001000001000000000000000000000000000000000000000010010000000000000000010000000000000000000000000010000000010000000001000000000000000000000001000000000100000000000100000100000100000000000100100000000000000000000000000000000000000000000100000100000000000000000000010000000000000000000000000000000
000000100100000000000001000000000000000000100000000000000000001000000000000000000000010000000000000000000000000000100000000001000000000010000000001000000000000000000000000001000000000000001000010000001000000000000000000000001000000000000000000001000100000000000000000000001000000000000000000000000000
000000000010000100000000000000000000000000010000000000000001000000000000000000000010000000000000100000000000000000000000000000001000000000000000010000000000000001000010000000000000000000000001000010000001000000000000000100100000010010000000000000001000100000001000000000100000000000001001000000000000
000000000000000000000000001000000000000000000010000000100000010000000010000000000000000000000000000000000000010000000000000001000000000001000000000000000000000000000000100000000000010000000000000000000000000010000010010000100000000000010000000100000100000000000000010000000000000000000000000000001000
000001000000000001000000000000000000000100000000010001000000000100100000001000001000000001000000000000010000010000010000000100000000000000000010000000000000000000000010010000000010000010000000000000001000000000000000000010000000000000000000000000000000001000000000000000001000000000000000000010000010
000010000000000000000000000001000010000000000000100000000000001000000000000000000000100100000000000000010000000000000000001000001000000000000000000000000010001000000000000000000010000000000000100000000001000000000000000010000000001000000000010000010000000100000000000000000000000000000000100000000001
000000000000000000000000100000000000000000000000000000000000000000100001000000000000000000000000010000000000000000000000000010000010000000000000000000100000000000000010000000000000000000001000001000000000001000000000000010000010000000001001000001000000000000000001000000000000000010000000000000100000
000000000000000000000000010000000000010000000100000000001000000000000000000000000000000000010000001000100000100000000000000000000000000000100010000000000000000000010000000000000000000000000000010000000100000000001000100000001000001000000000000000000000000000000010000000000000000100000001000000000000
000010100000100010000001000000001000000000000000000010010000000000000010000000000000000000000000000000001000000000000001000000010000000000000000001000000001000000000100000000100001000001000000000000000000000000000001001000000000000000000100100100010010000000001000000000010000000000100000000000000000
000000001000000000000000000010000001000000000000001000001000000000000000000000000000000000000000000000000000000000000000000000000001000000100001000001000000000000000100000000000000000000010000000000000000100000000000000000001000000000000000000000001000000000000000000000001000000000000001000000001000
000000000000000000010000000000100010000000100000010000000001000000000000000000000010000000000000000100000000010000100000001000000000010000000000001001001000000000000000000000000000100100010000000000000000000000000000100000000100000000000000000000000000000000000000001001000100010010000000000000000000
000010000000000000000000010000000100000000001000010000010001000000000000000000000100000000001000000000000000000000100000000001000000000000000000000000000000001001000000000000000000010000000000000000010000000000010000000100001000000100000100100010001000000000010000000000000000010001000000001000000000
000000000100001000000000000000001000000000000000000000000000000000000000000000000000100100000000000000000000010001000000000000000000000000000000001000000100000000000000000100000000000000000000000000001000010000000000000001000010000000000010000000000000010000010000000100000000000000000000000000000000
000000000000000000000000000000000000000000100010000000100001000100000000000000000100000100001000000000000100100000000000000010000000010000100001000001000000000000000000000000000000000000000000000001000001000000000000000000000000100000000000000000100000100000000001000000000000000000100000000000000000
000000000000000000000000100000000100000000000001000000100000000001000000100000000001000000010000000000000000000000000000000000010010000100000000001000000000000000000000000010000000100000000010000000000100000000010000000000000000010000000000100000000100000000000001000000001000000000000000000000000100
000010000000000000000000000001000000000000000000000100000010000000000010000001000000000010000000000000000000000100000000000000001000000000000000000000000100000100000000000000000000000100000001001000000010010000000000000100000010000010000000010000000000010000010000000000000000001000100100000100000000
000000000000000000000001000000000000000000000100000000000000000100000000000010001000000000000000000000000000010000001000000000000000000100000000000000000000000000000100000100000000000001000000000000000000000000010000000001000010000000000000000100000000000000000000000000000010000000000001000000100000
000010000000000001000000000000000000000000000000000000001000000100001000000001000000010000000000000000000100010000000000000000001000100000000000000001000000000000000000000000000000000000000000000001000000000000000001000000000010000000001000000000000010000010010010000001000100100000000000000100000000
000000100010000000000000100000000000000000000000001000000100000000000000000000000000000000000000000000000000000000000000000010000000100000000010010000000100000000000000000000000000000100000000000000100010000001000100000010000000001001000000000000000000000001000010000000000000000000000000000000000001
010000000000000000001000000000000000000000001000010000000000000000000000000000010000000000000000000000000000001000100000001000001000000000000000100000000000000000000100001001000010000000000000000000010000000000000000010000010010000000001000010010001000000010000000100000010000000000000000000000000010
000100100000000000000000000001000000001000000001000000010000001000000000010000100000001000000000000000100000000000000000001000000000000000000000000000010000000000010010010000001000010100000000000000001000100001000000000000001000000010000000000100000100000010000000000000000000000000000000000000000010
000000000000000000000100010000000000000001001000000000000000000000000000000000000000010000000000000000000000000000000000100001000000000000000000000001000000000000000000000000000001000000000001000010000000100000000100000100000001010000000100000000001000000010000000000000000000010000000000000000000001
001000000000000000001000000000000001000000000000001000000000000000000000010000100000000000000010000100100000000000000001000000000001000000000000010010000000010000000000000000000000000000100000000000000000000000000001000000001000000000000010000100000000100000000000001000000000000100010000000000000000
000000000000000000000000000000000000000000000000000000000000000000000000000010000001000000000000100000001000000010001001000000000000000000000000000001000000100000000000000000001000000100001000100000000000000000010000000000000000000000100000000000000000000000000001000000000000000000100000100000000000
000001000000100000000000000001010000000100100010000010001000010000000000000000001000000010000000000000000000010000000000000010000000000000000000000100000000000000000000010000100000000000000000100000100000000000000000010000000100001000000000000000000000000000000000000000000000000010000000000000000000
000000000100000000000000000010000000000000000000000000000000000000010010000000000000000000000000000000010000010000000001000000000100000000001000000000000000000000000000000000000000000001000100100000000000000000000000010000000000000000001000000000000000010010000010000000000000100000000000000000000000
000000001000000000001000000000000000000010001000000000000000000000001001001000010000000000001000000000001000000000000000000000000000000000000000000000000000000000000000001000000010000000000000000000000000000010000000000000000000000000000000000100000000000100000000000000000000010000000000000000000001
000000000100000000000000000000000000001000000000010000000000000000000000000001000000000000000000000100000000000100000000000010000000001000000000000000000000010000000000000000001000000000000100010010000001000000000100000000000000000000000000000000000000000000000000010000001001000000000001000000000000
000000000000000000000000000000000000000000001000000000000000000000000000000000000000000000000000000000000000100000001000001000100000000001000000000010001000000000000001000000000000000000000000001000010000000000000000000000000000000000000000000000000000000000000000000000000000000000000000000001000100
001000000010000000000100000000100000000001000000000001000000000000000000010010000010000000000100001000000000001000000100000100000010000000000000000000000100000100001000000000000000000000000010000010000000000000000000000000000000000000000000000100100100000000100000000000000000000000000001000100000100
000000000000000000010000000000000000001000000000100000001000000100000000000000000000000000100000000000100000000000000000000000000000000000000000000000000000000000000010000000010000000000010000000000000000000000000000000001000001000000000000000000000000000000000010000000000000000000000000000000100000
001000000000000000100000000000000000000000000000100000000000000010000000000000000000000000000000000000010000000000000000000000000000000100010000001000000010001000000000000000000001000000000010000000000000000000000000000000100000000000000000000000000000000000000000000000010000000001000000010001000000
010000100000000000010010000000000000000000000000100000010000000001000000000000000000000100000000000000000000000010000000000000010000000010000000000000000000000000001000000000000000000010000010000000000000000000010000100000000000000000001000000010000000000000000000100000000000000000000000000000000100
100000000000000100000000001000000000000000000001000001010000000100010000010000000000001000000100000000000010000000010000000000000010000001000010000000000010000000000010000000000010000100000010000010000001000000000000000000010000000000000100000000000001000001000000000000000000000000010000001001000000
000000000000000000000000000000100100000000000001001000000000001000000000000000000000000000100000000000000010000000100000000000000000000010000100000010000000000100001000000000001000001000000000001000000000000000000000000000001000000010000000000000000000000000000000000000001000000000100000000000000000
000000000000000000000001000000000000000010000000000000000000000000000100000000000010001000000000100000000000000010000100000000000010000000000010000000000000100000100000000000000100000000000000000010000000010000000000000000000000010001000000000010000100000000010000001000000000000000000000100001000000
000010000000010000000000000001000000100100000000000000000000000000000000000100000100000000000000100000000000010000000000000000000000001000000000010000000000000000000000000000010000010000000000000000000000000000100000000000001000000010000000000000000000000000100000000000000001000000000000000000000000
010000001000000010000001000000000000000000000000000000001000100100000000000000000000000000000000000000000000100000000000000000000000000100000000100000000000000000000100000000000000100010010000000000000010000000000000000000000000000000000000000100000000000000000000000000100000101000000000000101001000
000000100000000000000100000000001000000000000000010000001000000000000000100000000000010000000001000100000000000000001000000100000000100000100000000000001000000010001000100000000000000000000000000000000000000000000010000000000000000000000000000000000000100100000000000000000000000010010000000100010000
000000000000000010000000100000010000000000000000000000000000000000001000000000000000100000000000000100000000000000000000000000000010000000000000000000001000000000000000000000000000000000000000000000000000000010000000000000000100000000000000000000000000000000000000000000000000000000001000000000100001
000000000000001000000100000000000000010000010000000000000000001000000100000000000000000000000000010000000000000000001001000000000000000000100000100000010000000010000000000000100010000000000000000000000000000000000100000001000100000000010000000000000000000000000001000000000000000000000000010000010000
000000000000000000000000010000001000100000000000000000000000000000000000000000000000000010000000000000000000000000000000100000010000000100000010000000010000000000000000010000000000000000000010000100000000000000000100000000000001000000000100000000010000000000000000000000000000000100000000000000000000
000000000000000000000000000000000100100000000000100000000000000000000001000000000000000000000010010000000100000000010000000100000000000000000010000000000000000000000000000000010000000000010000000100000001001000010000000000010000000000000000000000000000000000000000000000000000000000000000000000001000
000000000000000000000010000100000000100000001000000000000000000000000000000000000000000000000000000000000000000100000000000000000001000001000000001000000000000100000000010000000000000000000000000000000100001000000000000000000000000000001001000000000000000000000000000000000000000000000000000000100010
000100000001001000000000000100000000000000001000001000000000000000000010000000001000010000101000000000000000100000000000000000000000001000000000010000000000000000001000000000010001000000010000100010000000000100000000000001000001000000000000000001000010000100000000000000000000000000010000010010000000
000000000000000000001000000000000010000000000000000000001001001000000000000100000010000000000000000000000000000000100000000000000000000000001000100001000000000000100010000000000000000000000100000000001000000000000000000000100000000000000000000000000000000000010000000000001000000000000100000000000000
010001000000000000001000000000000001000000001000000000000100000000010010000000000000000000010000000000000000000000000000000000000000000100001000000000000000000000000000010000000000001000000000001000001000000000000000000000100000000000000100000000010000001000000001000000000000000000000100000000010000
000001000000000000000000000000000100000000000000010001001000000100000000000000000000000000010000010000001000000010010001000000000100000000000000000000001000100000000000000001000000000100000000000000000000100000000000000001000000000001001000100000001000000001001000000000000000010000010000000000000000
000100100001000000000000000000000000000001000000001000000000000000000000100001000000100001000000000000000100000000001000100000100000001000000000000001000000000000000000000000000000000000000000000000001000000000000000000000000000000001000000000000000000000000100000001000000100000000000000000000000000
000000001000000010010000100000000000000000000000000000010000000000000000000000000010000000100000000000000000000100100010000000000000100100000100000010000000000000000000000000000001000000000100000001000000000000000000000000000000000000000000000001000000000000100000000000100000000010001000000000100000
000000000100000001000000000000000000000000010000000000100000000000100000000000000000000000000000000100001000010000000010000001000000010000001000000000000000000001000000000100010010000100000000000100010000100000000100100000000000000000000000000000000000010000000010000100000000010000000100000000000000
000000001000001000000000100000000000000000000000000001000000000000001000000000000000000000000000000000000100000000000001000000000000000000001000100010010000100000000000000000000100000000000000010000000000000010000000000000000000100000000001000000000000000000001000001000000001001000000000000000000000
000000000010000000000000000000100001000010000001000000000000100000000000000000000000000000000000000100000000001000000000001000000000000000000000010000000001000000000000000000001000010010001001000000000000000000001000000001000000000000010000001000010000000100000000001000000000000010000000000010000001
001000000010000000000000000100000001001000000100000010000000000000000000010000100000100100010000000000000100000000000000100001000000000000000000000001000000000000000000000000000000000000000100000000000000000000000000000001000000000000100000000000000000100000000000000100000010000000000000000010000100
000000000000000010000000000000000100000000000001000000000000000000100000000010000000000000010000100000000001000000010001000000000000100000100000000000000000100000000000000000000000000000100000000000000001000000100000000000000000001000000000001000000001000000001000000000000000001000010000000000000000
000000000000000000000000000000001001000000000000000000000000010000000000000000000000000000100001000100001000010000000000001000000001000000000000000000010000000100000000000000000100010000000000000000100000000000000100000000000000000000000000000001001000000000000010000000100000001000000000000000010001
100000000000100000000000000010010000000100000000000010000000010000000000000000100000000000000000100000000000000000000000000000100000000000000000000000010000000100000000000000000000000000000000000000010000100000000000000000000000000100000000100001000000010000100000100000000000000000000000000100000000
000000000000000000000000001001000000000000000000000001000000000000010000000000000000000000000000010000000000010000000000000000000000000000000000010000000010001000100000000000000001000100000001000000000000000100000000000001000000000000000000001000000000000000001000000000000000000001000000100100001000
000000100000000000000000000000000000000000000000000000100000100000000000000100010001000000000100000100100000000100000000001000010000000000001000000001001000000000000010000100000000010000000000000100000000000000001000000000100000010000000010000000001000000000010000000000000000000000000000010000000000
000000000010000000100000000000000000000000010000100000000000100000000010000000000010000000000000000000000001000000000010000000000001000000010000000000000000000010000000000000000000000000000000000010000000000000100000001000000001000000000000010000000001000000000000100000000100100000000000000000000000
000000000000000000000000000000001000000000100000000100000000001010000000000000000000100000000010000000001000000000000000000000000001001001000000000010000000000100000000000010000000000000001000000000000010000000001000100000000000010000000000000001000000000000000000000000000000000001000001000010000100
000000000000000000000001000000000000000000000000001000000000000100100000000000000000000100000000100000010000100000000000000000100000000000000001000000000000010000000000001000000000000000000000000000000000000000000100000000000100100000100000010001000000000000000000000100000000000000001000000100000010
000010010000100100000000000000000000000000000000100000000000000000010000000000000000000000000000000000000000000100000000010000010000000000100000000010000100000000000000010000100000000000010000000000000000000000000000001000000000100000000000000000000000000000100000000000000000000000100000000000000010
000101000000000100010000000000000000001000010010000000000001000000000000000001000010000000000000000010010000000000000001000000000000000000000010010001001000000000000000000000001000001001000000000010000000000010000000100000000000100000000010000000010000000000000000000000000010010000000000000000000001
000000100010000000000000010000000100001000000001000000000010000000000001000000000100000000000000000000000000000000000000000000000000001000000000100000000000000000000000000100000000000100000000010000000000000000000001000000000000010001000000100000010000001000010000000100000000001000000000100000000010
000000000100100100000010000010000000000010000000100100000000000001000000000001000000001000000010000000000000000000000000000000001010000000000000000001001000000000000000100000000000000000000000010000000000010000000100000000100000000000000000100000000000000001000000000001000000000100000000000000000001
001000000000000000000000000000000000000000010000000000000000001000000100001001000000100000000000010000000000000000000000000000000010000000000000000001000000000000001000100100000000000000000000100000000000000000001000000000000000000000000000000000001000000000000000100000000000000000000000000000000010
010000000000000000010010000000000100010000000000100010000000000000001000000000000000010000000000000001000000000000000000000000000000000000000100001000010001000000010001000100001000000000000000100000100000000000000000001000000000000000000000000000000000100000000000010000010000000001000000000000000000
000100000100001000000001001000000000000000000100000001000000100000001001000001000010000000001000000100000000001000100100000000000000000000000001000001000000000000010000000000000000000100100000100000000000010000000000000010100001000000000000000000000000001000000100000000000000000010000010000000010000
000000000000000001010010010000000000000000000000000000000010000000000000000000000000000010000000000100000000000010000000000000000000010000000000000000001000000010000001000100001000000010000000000000000000000000000000010001000000000000000000100000000100000000000000000000000001000000000000010000000000
001000000000000000000000000000100000000000000000001000000100010000000000000000100000000000100000000000000000000000100010000010010000000000000100000010000000001000000000000100000000010000000000000000000001000010000000000001001000000000010000000000000000000010000001000000000000000010000000000010000000
100000000000000001000000000000000000000000000000000000000000000000000000000100000000001001001001000000000000000000000000000000000000001001000000000000000000000000000000000001000000000000000000000000000000000000100001000000000001000000010000000000100000000000000000010000000000001001000000000001000000
000100000000000000000010000000000001000000010000010001000000000000000000000000000010000000010000000000000000000000000000000000000000000000010001000000000000000000000000100000000000001000100000010000000000000000000000000000000010000100000000000000000000000000001000000000000000000000000010000000001000
000000010000000001000000000000100001000000000000000010010000000000000000000101000010000000000000010010000000000000000001000010000010000100000000000000000000001000010000000100000000010000100000000000000000000100000000010010000000000000000000000000000000000000000000010000000010000000000000000000000000
000000100000000000000000000000100000010000001000001000000000000000001000100100000000000000010000000000100000000100000000100000001000000000000010010000000000000010000000000000000000000100000000000000100000100100000010001000000000000010000010000000001000001000000000100000000000001000010000000000000100
000000000010000000000000010001000001000000010000100000000000000000000000010000010000000000000000000000010000000000010000000000010000000000100000010000000000000000000000000000000000000000100000000000001000000000000000100000010000000000000000000000000000000000000000000000000100000000000010000100100000
000000001000000000000100000000000000000010000000010000000000100000000000000000000000010000000000100000000000000000000001000000000100001001000000000000000000000000010000000000000100000000000000100000000000000000000000000000000000000000000000000000000000000001000000000001000100000010010000000100000010
010000000010000010000000000001000001000000000010000000100100001000000000010000000001001000000000100000000000000000000000000000000000000000000100010000000000000000000000000001000100000001000000010000010000000000000000000000000000010000000000000000000000000000000000000000000000000000000000001000000001
010000000000000000000000000000010000000000000000000000000000010000100000100001000000000000000010000000000100000001000100000000010000000000000001000000010000000010000100100000001000000010000000000000000000000001000000000000000100000000000000000000000100000100000100000000000000000001000000000000000000
000000001000000000000000000000000000000000000000000000000000000000000000000000000100100100000000000010000100000000000000000000000100000000100000000000000000000010001000000000000001000000000000000000000000000000000000100000000000000000000000010000000000010000000000001000000000001000000000000000000000
000000000000000000000000000000100000000000001000000000000100000000000000000010000000001000000010010000000000000010010000000001000000000010000100100000000000001000000000000000000000000010000000101000000100000000000000000000000000000010000100000001000000000000100010000010000100000000000000000010000000
000000000001000100100000100000000000000000000000000001000000000000010000000010000000000000010000000000000000000100000000000000000100000000000000000010001001000000000000000000010000001000100000001000000000000000001000000000000001000000000000000000000000000000000000000000000000000000000000001000000000
000100000000001000001000000100000000000000001001000000000000000000000000000010000000000000000000000000000010001000000000000000000000000000000000000000000010010000000010000000000000000000000010000000000000100000001000000000000000010000000000000010000000000000000000100000100000000000000000000001000000
000000000000000000000000000000000000000100100000000000000100000000000010010000000001000000000000000000000000000000000100000010000100000000000100000000000000000000000000000000000000000000000000000000000000000000000100100000000000001000100000000000000000000000010000000000000100000100000000001000000000
010000100000000100000000010000100001000100000000000000010000001000000001000000010000000000000100000000000000000000001000000100000000000100010001000000000000000000000000000000010000000100000000000000000010000000100000001000001000000000000000000000000000100001000001000100001000000000100001000000000000
000000000000000000001000000000000000001000001000000100000100000100000000000100000000000000010000000000000000000001000000000000100000000000000000000000000000000000001000010000000000000010010000000000000000010000000010000100000000000000100000000100000000000000000000010000000001000000000001000001000000
000000000001000000000000000100000000000000000000000001000000010010000000000100000000001000000001000000000000000100010000001001000000010000000000100000000000000000010000100000000000000001001000000000001000000000000000000000000000000100000100000000000000010000000001000010000000000000100000000000100000
000000000000000000000010000000001000001000000000000000100000000000000001000000000000000001000000000100000000000000100000000001000000000000000100000000100001000001000000000000000010000000000100000000000000000000001000100010001001000000000000000000000000000000100000000000100000000000001000000000000000
000100000001000000000100000000000000000000000100000000000010001000100000000000000000001000000000000000000000000000100000000000000001000010000000000000001000000100000000001000000000000000000001000000000100000000000000000000100001001000001000000000000010000000001000000000000000000100000000000000000100
000000000000000001000000000000000001001000000000000001000100000000001000000000000010000000000000000000000000000010000000000000001000000010000000000001000000000000000000000000000000000000000000000000000000000000000000010010000000000010000000000000000000000000000000000100000100100100001000001000000000
000000000010000000000000000000000000001000000000001000000100000000000000010000000000000000000000000000000000100000000000010000010000000000000000000000000000000000000000000000100000000000000001000000100000001000001000000000000000000000000000000000000100000000000000000000000001000000000000010000000000
000000001000000000000000000000000010000000010000100000000100000000000000100001000001000000000010010001000000000001000000000000010000100000010000000100000100010000000000000000010000000000000000000000000000000001001000000000000000000000100001000000100000100100000000000000100000010000000000000000000000
000000000000000000000100000000010000000000000000000000000000000000000000000000000000000000001001000000001000000100000010000000000100000010100000000001000100000000001000000000000000000000000001000001000000000000000000000000000000100000010001000000000000000000001000010000001000000000001000000000000000
100000000000000000000000000000000000000100000000000000001000000000000000001000100000000000000100000000100000000000000000000100000000000000000000001001000000000000000000000000001000000000000000001000000000000100000000000100100010000000000010010000000010000100000000001000000000000001000000000000000000
000000000000000000010010000001000000000100000000010000000000100000000000000001000000000000100100000000001001000000000000000100000000000000000000000000000000000000000000100000000000000000010000100100000000000000001000000000000000000010000000000001000100100100010000000000000010000001000000000000000010
000000000000000000000000000000000000001000000000000000000000000000000000000010000000000000000001000000000000000000000001000000000000000100000000000001000010000001000000000010010000000000000000000000100000000100000100000000000000000000000010000100000000100000000010000001000000100000000000000001000000
100001000000000000100000000010000000000000000000000000000000000000000000000010000000000100100000000000000000001010000000000000000000000000000001000000000000000000010000001000001010000000001000000000000010000000000000000000000000000000000000000000000000000000000101000001000000000000000001000000000000
000000000000000000000000000000000000000000000001000010000001000000000000000010000000000000000000000000000000000001000000000000000000010000000000000001000000000001001000000000000000000000000000000000000000000000010000000000000000000000000000100100000000001001000100000000000001000000000001001000000000
000000001000010000000000000000000001000000000000001000000000000001000100000000000000000000100000000000010001000010000001000000000010000000000100000001001000000100000100000000010000000000000000100000000000000001000010000000000000000000010000100010000000000000000000010000000001000000000000000010000100
001001000000010000000000000000000000000000000000010000000000100000010001000001000010000000000010000001000000000000000010010000000010000000000000000000000000000000000010000000000000100000000000000000010000000000000000000000000000000000000000000000000000000000000100000000000000000000000000000000100000
000000000000000000000000001000100000000100000000000000000010000001000000010000000000000000000000000001000000010000000001000000000000000000000000000010000000000000100000100000000000000000000000000000000000000000010000000100001000000100000000000000010001000100000000000000000000000000000000000000001000
000000000000010001000000010000000000010000000000000100000000000000010001000000000000000001000001000000000000001000000000100010000001000000000000000001000000000000001001000000000010000000000000000000000000000010000100000000100100000000000000000010000100010000100000000000100000000100000000010010000001
000010010000000000000000000000000000000000000000000000000000000000000000100010010000000001000100000000000000010000000010000000001000000000001000000000001000010000000000000010100000000000100000000000000000000000000000000000000000000000100100001000000000010000010000000000000010000000000000000100001001
000100000000000000000000000000000000010001000000010000000000010000100000000000000000000000000000000000010000000000000000100000000000000000000000000000000000000000000000000000010000000000000000100000000000000000000000000000000000000000000000000100000000000100000000000000000000000000000000000000001000
000000000000001000000000000000100000000000000001000001000000000010000000000010010000000000000000000010010000000000000000000000100010000000000000001000000000000000000000000000000000000000000000001000000000010000000000100100000000100000100000000000000000100001000000001000000000000000000000000010000000
000000000100001000000000000000000000100100000000001000000000010000000000000000000000000000000000100000100000000000000100100000000000000000000000000000000000000000000010000000000000000010010001000000000000000000100010000000000000000000000000000010000000000001000000000000000000000000000000000000010000
000000100000000001000000000010000000001000000000100001000000100000010000000000000000001000000000000000000000000000000000000000000001000000000000010000001000000001000100100001000000000010010000010000000000000000000000001000000000000100010000000000000000000000001000000000001000000010000100001000000000
000000000000000000000100000000000000000000000000000000000100000000000000000000000000001000000000000000000000000010000010000000000000100001000000000000000000000100001000000000000000001000000000100000100000000000000000000000010000001000000000010000001000000000000000100000010000000000000000000000000001
100010000000000000001000000000000000000000000000000000100000000001000000000000000000010000010000010010000000010000001000010000000000001000000000000010000000000010000000000000100000000000000000000000000100100000000000001000000000000000000000001000000000010000000000100000000000000000000000000001000000
000000001000000000100000000000000000000000000000000000000010001000000000000000000000000000000000000000000000000000000000000001000100000000000000000000000000000001000000001000001000000001000000000010000000100000000010000000000000000000000000000000100000000100010000000000000100000000000000010000000010
000000000001000000000000010000000000100000000000000100000000100000001000000000000000000010000000000000000000100000000001000001000000000000100001000000000000000000010000000000000010000000000000000000010000000001000000000010000100000010000000000000000000000000100000001000000000100000001000100000000000
000000000000000000000000000000000000000000000010000000100100000000010000100000100100000001000000000000000000001000000000000000000000000010010000100001000001000000000000000000000100000000010001000000000000000100000000000001000000001000001001000000000000010000000000000000000000000000000000000000010000
000000000100000010010000000100000000000000100000001000000000000000000000000000010000100000000100000000000000100000000000000001000000000000000100000000000000000010000000000000000010000010000000010000000000000000000000001001000000000010000000000100000000010000010000000000000100001000001000000000000000
000001000000000000000010001000000000000000000000100000001000000000010000000000000000000001000000000001000000001000100000000001000000010000000001000000100000000000000000000000000000000000000000010000000000000000000000000000000001000000000001000010000000000000100100001000000000001000000000100000000000
000000000000000000000000000000000000000001000010000000000000000000100000000000100000100100000001000000000000001001000000000000000100000010000000000010001000100000000000000000000100000000000100000000000000000100000000000000000000010000000000000000000000000000001000100000000000000000000000000000000010
000000000000000000000000001000001000000000000100000000000000000000000100000100000100000010000010001000000000100000000100000000000000000000000000010000000000000010000000000000000000100000000000000000001000000000000000000010000000010010000001000000000000000000001000000000000000001000010000000000000000
000000010000001000001000000000000000010000001000000000000000000000000100000000000000000000000000000000000100000000000100000101000000000000000000000001000000000010000000000100000000000000100000000000100000000000000000010000000000000000000000000000000001000000100000001000010000000000000000000000000000
100001000000010000000000000000001000000000100000000000000010000010000010001000000000010000001000100000001000000000000000100000100001000000000000001000000000000000000000000000001000000000001000000000000010010000000000000010000001000010000000000100000100000000100000001000000000000000100000000000100000
010000000000000000000000000000000000000000001000000000100000100100000000000001000000000000000000000000001000000000000000010010000000100000001000000000000100001000000000000000000000000100001000000000000000000000100000001000000000100000000000000000010000000000000000000000000000100001001000000100000000
000000010000000000000000000000000000000000000100000100010000000000000000100000000010000000001000000000000000000000000000000001000000000000001001000000000010000000000000000000000000000000000000000000000000000000000100000000000000010000001000000000000000000000000000000000010000000000000000000000000000
000000000000000100000001000000100000001000000000000000010000001000000000000000000000001000000000000000000000000100001000001000000000000000100000000000010010000010000000000000000000001000000010000001000000000000100000000000000000000000000000000001000000000100000000000000000000001000001000010000000000
000000000000000000000000000000000100100000000000000000010001000100000000000000100001000100000001000000010000000000100000000100000000000000000000000000010000010000010000000010000000000100000000000000100010000100000001000000001000000100000000000000000000000000001000100000000000000010000000000000000001
000000000000010000000000000000000010001001000000000100000000000000000000000000000000000000010100000000001000000000010000000000000010000100000000000000001000000000001000000000000000000000000000000000000000000000010000000000000010000010000001000000100001000000010001000000000100000000000000000000000000
000000000000000000001000000100000000000000000100000100000000000000000000000000000000000000000000000000001001000000010000010000010000000000000000000000010001000000000000000000000000000000000000001000000000001001000000000000000000000000000000000000000000000000000000000010000001000000000000000000000000
000000000010010000010000000001000000000001000010000000010000000000001000001000000000100000000000000100010000000000000000100000000000000010010000000000000000000100010000000101000000000000100100001000000000010001000000000000000000000000000010000000100001000000000001000100000000000000000001001000010000
010000000000000000000000000100000000000000000000000010000000000000000000000001000000000001000000000000000000000000000000000000000000010000000000000010000000100000001000000000000000000000000001000000000010000000000000000100000000000000000000000000100000000100000000000000000001001000000010000000000000
000000000001000000000000010010000010000000001000000000001000000000000000000000000000000000000000000100001000000000000000000000000000000010000000000000000000000000001000010000000010000000100000000000000000000010001000000100010000000000000100000100000000001000000000000001000000000000000000000000000000
000000000000000000000000000000010000000000000000000010000000000000000000010000000000000100000000010000000000000100001000100000000000001000000001000000000000010000010001000000000000010000000000100100100010000000001000000000000001000000000001000100000100000000000000000000100000000000000000010010000000
000000000000000100000000000000010000000000010000000000000000000000000100010000010000000000000000100100000000000000100000000000010010000001000100000100100000000000001000000000000000001000000000000000010000000000000000001001000000010000000010000010010000000000000000000000100000010000000000000010000001
000000000000000001000000001000000010000000000000000000000001000000000001000000000000000000010000010000010000000000000000000000000100000000000001000000000000000000000100000000000010000000000100000000000010000010001000000000010000000100000000000000000000000000010000000000001000000000000000000000000000
000000000000000000000001000000000000010001001000000001001000000001000000000100000100010000000000000100001000010000000000000000000000000001000000000010000000010000000000000000000000000100000000000001000000000000000000000000000000001000000000000000100000100000000000000000000000000000000010000000000000
001000000000010000000000000000100100000010000000000000000000000000000000100000000000000000000000000000000000000000010000001000000000000000000000000000000000000000000100000000000000001000100000000010000000010001000000000000000000001000000000000000000000000000000100000000000000000100000000000000000000
000000000010010000000000000000000100100000000000000000000001000000100100000001000000001000000000100000000000000000100100000000000000000000001000010000001000000000000000010000100000000000000000000000000000000100010001000000010000000000000000100010000000000000000000010000000000000010000100000000000000
000100000010010000000000000000010000000000001000000000000000000010000000000000000000000000000010000010010000000000000000000100000000000000000000000000000000001000000001000000000000000000010000100000100000000001000100001000000010010000000000000100000000010000000000000000100000000010000000000000000001
000100000100000000000000000100000000000000000001000000001000000000000000000000000000000100000010000000000100000000001001000010000000000010001001000000100000000000010000000000000100000000000000000000010000000000000000010000010000001000000000000000000000000000100010000000000000100010000000001000000000
000000000000000000000100001000000000000000000000000000000001000000100001000100000100000000001000000100000000000100010000000000000001000000000000100000000000010000000000010000000000000010000000000000001001000000000000000000000100100100001000100010001000000000000000100000000001000010000100000000010000
010000000000000010000000000000000000000000000000000000000000000000000000000100000000000000000000000000000100000000000000000000000001000000000000000000000000100000000100000010000000000000000000000000010010000000010000000010000000000000001000100001000000000000001000000000000000000000000010000001000000
000000000000000100000010000000000010100000000000001000010000000000000000000010001000000000000000000000000000000000000001000000001000100100000000000000000010000000000010000000000000000000000000000100100000000000000000001000000010000000000000000000100100000000000000000000000000000000010010000000000000
000000000000000000000000000000000001000000000000000000000000000000010001000000000000000000000000000000100000000000000000000010010000000000000000000000000000001001000010000000000000000000000001000000000010000100000000010000000000000100000001000000000000000000000000000100000100000000000001000000000000
000010001000000000010000000001000100000001000000000100000000010000000000001000000100000000000000000010000000010001000001000000000000000000010000000000000000000000000000000010000000000000000000000000000000000000000000000000010000000100000000000000000000001000000000000000000001000000000001000001001000
000000000000000000000000000001000000000000000000000000000000000000000000000000000000000000000000010000000000000000100000010000000000000000000000000000000000000001000000010000000000100010000100000001000000000100000000000100001001000000000000000000000000000100000001000000000000100000000000000000000000
000100000000001000000000000000000000000001000000000000000000001000000001000000000001000000000000000000000000000000000000000000000100000000000000000000000001000000000000100000010000000000000000100100000001000000010001000010000000000001000000000000000000000000000000000000000100000100000000000001000001
001000000001000000000000100000000000000000010000000000000000000000000010000100000010000000000000000000010000000000010000001000000100000000000000000001000000000000000010000000000000000000000000000000000001000000000000000000000100010000000000000001000000010000000000010000000000000000000000000001000000
001000000000000000000000000000000000100000000000000000000000010000000010000001000000000000000000000000000001000000000010010000000100000000000000000010000001000000000000000000000100000000000000010000100010001001000100000000100000001000000000000001000000000001000000000010000000000000001001000000100000
000000001000100000100000100010000100010000001000000000000000000000010000000010000000000000000000100000000000000100000000000000001000001000100000000000000000000000000000000000000000000100100000010010000000000000000000000000000000100010000000000000000001000000001000000000001000010000000000010000000000
000000000000001000000000000001000000000000000010000001000001000000000001000100000000000000000000000000000000010000000000000010000001000000000000000010000000100000100000010000100100001000000000000001000000000001000000000100000000000000000000000100000000000000000000000000000001000000000000000000001000
010000000000010000000010000000000000000000000000001000000000000010000000000100001000000000000000100000000000000010000000000000000000100000000000000000000000000000000000100000000000000000000000000000000000001000000100000000010000001001000000000001000100000000000000000000000000000000000000000000001000
010010000000000000000000000000000100000010010000000100000010000000000000000001001000001000000000000100010000000000000100000010000000000000000000010000000000000010000000000000010000000000000000000000000000000010001000000000000010001000000000000010000100000000000000000010000000000000000000000000001000
000000000100000000001000000010001000000000000000000001000001000000000000010000000001000000000000000000010000001000000000010000000000000100000000100010000001000010000000000000000000100000000000000000000000000000001000000000000000010000000010000000000000000000000100100000000000000010000000001000000000
001000010000000000000100100000000001000000000000000010001000000000000000000100010000100000000100000000000000001000010001000000000010000100100000000000000000001000000000010000000000001000000000001000000000000000001000000000000000000000000100000000000001000000000000000100000000000000010000000010000000
000000000000000000000000000000000000000000000000000100000000100010000000000000000010000000001000000001000100000000000000000000100000010000000000000000100001000000001000010000000000000000000000100001000000000001000000000010000000000010010000010010000000000000000000000000000000000000000001000000001000
000000000000000000000000100000000000000000000000000001000000000000000100000000000100000000000100000000000000000000000000000001001000000010000000000000000000000000001000010000000000000000100100000000000010010000000000010000001000000000000000000000000000010000000000000000100000010000000001000000010000
000000000000000000100000000000000000000000000000000000100000000000000100000000000000000000000000010000010000000000000010000000000000000000000000010000000000000100000000000010000000000000000000001000000001000000000001000000000000000000000000000000000100000000000000000000000000000000000000000000000010
001000010000000100000000010000100001000000001000000000000000000000000010001000000001000000010000000001000010000000000000000000000010000000000010000000100000000000000000000000010000000100000010000000000000000000000000000000000000010000000000001000000010000000000000000000000000000100000000000000000000
001000000000000000000000000000000000000001000001000100000100000100000000100000000000000000000000000000000000000000000000100000000000010000010000001000000000000000000000000000000000000100000010000000000000000000000000001000000000100001000010000000000000000000000000100000000001000000010000000100010010
000000000000000000000000000000000000000000000000000100000000000000000000000010000000000000000000000000100001000000100000001000000000000000000000010001000000001000000010000010000010000000000000000000100000010000001000010000000000000000000000000000000000000000000000000000000000000000000000000010000000
000000000000001000000000000000010000000001000000000000000100100000000000000000000001000001000100000000100000000000000000100010000010001000000000000000000000000010000000000000000000100000000000000000000000010000000100000000000000000100000000000000000000100001000000010000000000000000010000000000010000
000000010000000000000000000000000001000000000000000000000000000010010001000010000000000000000000010000000001000000000100000000000000000000000000000000000000000000000100001000000000100000000000000000000000000000000000000000000000000000000000000000010000000000010000000000000000100000000000000000100000
000000000000000000000000001000000000000000000000000000000000000010001000100000100000000000000010010000000000000000000100000000000000010010000000000010000000000001000010000000000000000000000000000000000000001000100000000000000100000000000000001000001000000000001000000000000000000000000000000010000100
000000000000000000000000000000100000001000000000100000000000000000000000000100001000000000000000000000100000001000000000000000000000000000000100000000000000000100001000000000000000010000000100000000100010000000000000010000000000000010000100000000000000010000000010000000000000010000000000000000000000
000000000000000000000000100000000000100000001000000010000000000000000000000100000100000000010000000000001000000000010000010000001000000100010010000000100000000001001000000001000000000000000000000000000000010000000001000000000000000000000000000000000000010000000000000001000001000000010000000000000001
000000100000000100000000000000001000000000000000000000001000000000100000010000000000000000000010000000000000000000000000000000000000000000100000010000000000000000000000000000000001000000000000000000000000100000000001000000000000100001000000000000001000000000000000010000000001000000100010000000000010
000010000000000000100000000000100000000000000000000010000000000000010000000000100000000010000000000000001000100001000000000000000001000100000000000000000010000000000000000000010001000000000000000010010000100100000000000000000000000000000100000000000000000000000000000100000000000010000000000000000000
010000000000000000000000000010001000000000000000100001000100000000000100000000100000000010000000001000000000001000010010000000000000000000010000000100000000000000000001000000000000000000000010000000100010010010000000000000000001000000000000000000000000000000010000000000000000000000100100000000000000
000000000000100001000100000010001000000100000000001000000000000000000010000001000000000000100001000100010000000000010000000000000000001000000100000000000001000000000000000000001000000000000100000000000000001000010000000000001000000000100010000001000000000000000000000000000001000000100000000001000000
000000000000000010000000000000000000001000000000000000000000000000001000000000001000010010000000000001000010000000000000000000000010000000000000000000000001000000000010000000100000000000000000000000000000000010000000100000100000000000100100001000000000000000001000010000000010010000000000000000000010
000000000000000100000000000000000000000001000000000000000000000000000001000000001000000000000000000000000000000000000010000000001000001000001000000100000000001000000000010000000000000000000000000100000100000000010000000001000000000010001000000000000000000000000000000000010000000000001000000000000000
001000010000000010000000000000000000000000001000000000000000100000100000000000000010000000000000000001000000001000000010000100000000000010010000000000010000000000100000000001000000000000000000000000000010000000000000000000000000000000000000000000100000000000010000000000000000000000001000000000000000
000000000000000000000100000100000000000000000100001000100000000000100000000000100000000000000000000000000100000010010000001000000000001000000001000000000000001000000000000000000100000000000100000001001000010000000000000000000000000010000000000000010001000000000100000000001000000010000100000100000000
000000010010000000001000000000000000000000000100000001000000010000000000000000000000000000000000100000000000001000100000000000100000000000000001001000000001000000000001000000000000000000010010000000000000000000010001000000001000000100000000000000000000000000000000000000000000000000000000100000000000
000000000000000000000000000100000000000000000000000000010000000000000100000000000000010000100000000000000100000000000000000000000000000000001000001000000000000000000000000000000000000000100000000010000000000000000000000001001001001000000000000000000100010000100000000000001000000000000000000000000000
000000010000000100000000000000000000000000000000001000000000000000000000000000000000000000000000000000000010000000000000000100000000000000000010000000100000000000000000000000000000000000010000000000000000010000000100000100000000000010000000000100000000010000100000000010010000000000000010000000000010
000000000010000000000000000001000000000001000000000100100100000000100000000000010000000001000000000000000010000000000000000001000100000000000000000000000000000010010000000000000000001001000000000001000000010000000000000000000000100000000010000010000000000000000000000000000000000010000100000000000010
010000000010001000010000001000000000000000000000000000000000000000000000000000000000001000000001000010000010000100000000000100000100000000000000000000000000000000010000000000000000000000100000000000000001000000000000000010000000010000010000010000010000100100000010000000000000000000000000000000010010
000000000000100000100000010010000000000000000000000100010000000000000000001000000000000000000000000010000000000000000100100001001000100000000000010000000000000100000000000100010000000000000000000000000000000100100000100000000100001001000000000000000001000100000000000000000000000000001000000000001000
000000100000000010010000000000000000000001000000100000000000100001000000000000100000000000000000010000000001000000001000000000001000100000001000000000000000100000000010000000100100000000010000000000000000000001000000000000000000000001000100000000001000000000000000100000000000000001000000000000000000
000100000000010000000000000000000001000000000000000100000000001000000100000000000000000000000000000000000000000000000000001000000000000000000000000001000000000000000001000000000000000000100000000000000000000100010000000001000000000000000000000000000000000000000000100001000100100000000000001000000000
010000000000000000000000000000000000000000000000000001000000000100000001000000000000000000001000000000000000000000100000000001000100001000000000000001000000000000000000000001000000000001000100000000010000000000000000000100001000000000000000100100001000000010000000010000000001000000010000000000100000
000000001000000000001000100000000000000000000010000000000000000010000000000000000001000000000000000000100000000001000000100100000000000000000000000010000000001000000000000000000000010000000000000010010001000000000100000000000000000010000000000000000000000000010010000000000000000001000000000001000010
000000000000000000100000000000000000100000000100000000000100000100000000000000000001000100000000000000000000000010000100000000010010001000000000000000100000010000000000001000000100000100000000000000000000010000000001001000000000000000000000000000000000000010000000001000010000000000000000000000000000
000000000000000010010000100001000000000000000000000000001000000000000000000100000100010000000000100000000001000000000010000000000000010000010000001000100000000000000000000100000000000000000000100000000001000001000000100000000000000100000000001000000000100000000000100000000000000000000010000000100001
001000000010000000001000000000000000000000000000000000001000010000000000000000000000000010010000000000000000001000000000010000001000100000000000000001000000010000000000000010000000000000000010001000000000000000010001000000000000000000000000000000001000000000010000000000000100000000000001000100000000
000100000000000000000000010000100000000000001000000000000000000000100000010000000000001000000000000000000100000000001000010010000000000000000000000000000000000100000000000000000000000000000000010000001001000000000100000000000100000000000001000010000000000000000100000010000100000000001000010000000000
000000100000000000000000000000000000001000000000100000010000000000000000100000000000100000000100100000000001000000000000010000000000000010000000001000000000000000000000100000000100100000000000000001000001000000000000000000000000000000000010000000000000001001000000100000000000100000100000010010000000
000000001000000000000010000000000000000000100000000000000000000000000000010000000001000010010000010000001000000000000100100000000001000000000000010000000000000010000000000000000000100001001000001001000000000001000000000100000000001000100100000001001000000000000000000000000000000000100000001000000010
000000000000000000000000010000010000000000001000000000000000000000000000000100000000010000000000000100000000000000001000000000000000000000000000010010000000000000000010000100000000000001000000010000000000010000000000000000000000000000010000000000000000000000000100000100000000000010000000000000000000
100000000000000000000000001000000000000000000000000000000000000010000000000000000000000000000010001000000000000001000000000000000000000000000000000000000000100100000000000000100001000000000010000000000001000000000010000000000010000100000000001000000010000010000000000000001000000000000000000000000000
000010000000010000000000000000100100000010000000000100000000000000000000000000000100000010010000000100000001000000000000000000000000000000000000000000000010000000000000010000000000000000000000001000000000000000000000000000000000001000000000000000000000000000001000000000000100000010000100000000000000
000000000000000100000000000000000100000000100000000010000000000000000000000000000000000000000000000100000000000000001000000000000100001000100000100000000000000000000000000100010000000001000000000000010000000000000000000000001000000000001000000010000000000000000100100001000000000000000000000000000000
000000000100000000000001000000000000000000000000000001000000001000000100000000000000000000001000001001000000000000000000000000000000010000000000100000000000000000000100000000000100000100000001000000000000010000000010000100000000000100000000000000000000000000000010000010000000000000000000000000000001
000000001000010000000000000000010000000001000100000000000000001001000000000000010000000000100000000000000001000000000000000100001000000100000001000000010001000000000000000000000000000000000000001001000000000000000000100000001000000001000000000000000000000000000001000000000100000000000000001000000000
000000000000000000001000000000000010000000000000000000100000000001000000000000000000010000000100000010000001000000000000100000000100000000000000000000000000000000000000000000001000010001001000000000000001000000000000000000100001000000000000001000000000000000000000000000000000000000000010000000100000
000010000001000000000010000000000000100000000000000100000000000010010001000001000000000000000000000000000000000000000000000000010000000000000000010000000100000000000000010000000000000000000000010000000000000000010000000000000001000000000000000000100000000001000100001000010000000000000000000000000100
000001000010000000000000000001000000000000000100000000001000010001000000000000000000000000100000000000000000010000010010000000000001000100000000000000000000000000100000000000000000000000000000000000000000001000000000000000000010000000000000000000000001000000000000000000001000100000100000100000000000
000000000000000000000010000000000001000000000000000000100001000000000000000000000000000000000000010010000001000000000100001000000000000000100000000000010000001000001000000000000000000000000000000010000001001000000000000001000000000001000000000000000000000000010010001000010000000100000000100000100000
100000000000010000010000000000000000000000000000000000000100000000000000000000000001000000000000000000010000001000000000000000001000010000000000000010000000010000000010010000100000000001000000010000100000000000000100000000000000000000000000000000000000000000000000000000000000000000001000000000000001
000000000100000000000100000000100001000000000000000000100000010000000000000000000010000000000000000000100000000000000000000000000000000000000000000100000000000000000000000100000000000010001000010010000000010000000000100000000001000000000010000000000000000000000000000000000100000001000000000000000000
000000000000000100001000000000000000000000000000000010000000001000000000010000001000000000001000000000000000001000000000000000000001000000100000000000000000000000000000000000000000000000000000000000100000000001000000000010000100000000010000000010000000000000100000000000000100000000000000000010000000
000000000000000000001000000000000100100000000000000000000000000000010001000000000000000100000000000000010000000000000000000001000000000000000000000000000000000100000000000000000000100001000010000000000000000000100000000000000000000000000000100000000010000000000100000100100000000100000000010000000000
000100000000000000000000000000001000000100001000000100000010000000000100000000001000000000000000000000000000000000100000000000000000000000000001000100000000000010010000100000000000000000000100000000000000000000000000100000000000000000000100000000000000001000000001000100000000000001000000000000000000
001001000010010000000000010000000000000000000100100000100010000000000000001000000000000000100000100000010001000100000000000000010000000000000001000000000000000000000010000000000000000000000000010000000000000000000000000000000000000000000010001000000000000010010001000000000000000000010000000000010000
000000000000000000001000000000000000000000000000000000000000000000000000000000100000000010010000000000001000000000001000000100001000000000000000010010000000000000100000000100000100000000000100001000000000000000000001000000000000001000000000000010000000000000100001000000000100000010000001000001000000
010000000010000000000000000000001000000000000000000000100000000001000000000010000000000000000000000000001000000000000000000000000000000000000100000001000000000010000001000000100000000000000000000000001000000000001000000000000000000000000100001000000000000100000100010000000000000000100100010000000001
100000001000000000000000000000000000100000000000000000001000000000000000000001000000010010000000000000001000000000000000000000000010000010000000000000000000000000001000000000000000000000000000000010000000000100010010000000000000000000000000000000010000000000010001000000100000000010000000010000000000
000010000000000000000001000000000000000000000000000000000000000000010000000000000100000000000010000010000100000000000000100000000000000001000000000000001000000100100001000000000010000000000000000010000000000000000001000100000000000000100001000000000100000000000010000000000000000000000100000000100000
000000000000000001000000000000000000000100000000000000000000001000000000000000000000000000100001000000000001000000000001000000000000000000000000000000000000000000000000000000000010000000000010000000000001000000000001000000000000100000000000000001000000000000000010000000000000000000000000000010000000
000000000000001000000000000000100001000100000000000000000000000000000010000000000000000000000000010000001000001000010010000100000000000010010000000100100000000000000000100100000001000000010001000100001000000000000000000000000000000010000000000000010000000000000000000000000000000000001000000100010000
000000000000000000000000001000000010000000000010010000000000000000000000000000010000000001000100000000000000100100001000100000100010001000000100000000000000010000000000001000001000000000000000100000000000000000000100000000000000000001000000000000000000000000100000000000000000000000000001000000000010
000000000000001000010001000000000000000000000000100000000100000000000001000000000000001000000100000000000000000001001000000000000010000000000000000000000000100000000000001000000000000000000000000000000000000000000001001000000000000000010000000000000000000000000000000000000000100010000000000000000000
010000001000000000001000001000100000100000000000000000000000000010000000000001000000000000000000000010000000000000000000000001001001000000000000000000001000000010000000000000010000000000000000000100000000000000000000010000000000000100000010000000000000000000000000000000100001000000000000000000000100
000001000010010000010001000000000000000000000000000100000100000000000000000010000100000000010000000000000001000000000010000000000000010000010000010001000000000100000000000000000000000000000010000000000000000000000000000000000000000000000000100000000000000000000000000010000000000000000000000010000000
000000100000000010000000000000000000001001001000000100000100000000000000100010000100000000000000000000100000000000000000000000100100000000000000000000000000000000000000010000000000000000000100000000000000000000000001000000001001000010000000000000000000100000100001000000000000000010000000000000000000
000000000000000000100000000000000000000000010000000001000001000010000010000000000100000000000000000000000000000100000000000000010000000000000000000010000000000010010000000010001000000010000000000100000000001000000100000000000000000000000000000001000000000000010000000000010000000010000000000000000000
001000000000000000000100000000010001000010000000000100000000000000000000000000000000000000010000000000000000010000000000000100000000000000010000010000001000100001000010000100001000000000100000000000000000000000000000000000000010000000000000001000000100000010000000000000000100010000000100000100000000
000000000000000000000000010000100000000010000000000000000000000000000000100000000000000000010010001000000010001000010000001000000000000000000000000010000000000000100000000000000000000000000100000000100001000000000100000100000000000000000000000000000100000000000000001000000000000001000001000000000000
